53.1475	27.58	56.0275	45.74625	63.8525	68.18125	32.1125	61.59875	11.85625	41.88125	73.73	9.76875	78.095	121.2025	38.14625	45.33875	66.94	44.32125	80.68375	48.4525	59.6125	82.0475	80.11875	20.735	143.9975	71.5825	66.21125	220.04375	159.58625	115.2175	93.69875	107.41125	112.94125	127.94875	90.8325	152.015	109.72125	192.0325	152.88	182.1975	50.6775	79.39125	153.99625	160.85625	89.425	337.645	273.5275	87.71	57.8025	61.74	161.76375	375.8075	139.5725	136.3675	129.9575	75.66875	63.6125	47.65	142.7525	89.76	63.32125	326.6675
79.775	26.75375	38.74875	21.04625	62.56625	87.955	37.64125	9.78375	31.6275	53.2	64.1725	13.33375	84.14375	83.3375	201.51625	154.7925	186.91625	105.88125	88.165	163.5925	67.7375	125.91375	92.73625	41.92	161.68625	142.9825	115.74875	306.46375	369.565	176.86875	337.84875	287.055	126.99375	267.7125	115.74875	259.9625	163.91375	347.9825	121.035	255.5975	93.0825	99.9575	102.17125	219.83875	98.79375	416.0925	332.09625	68.84125	52.74375	124.3925	518.665	461.88625	131.5325	180.905	165.44625	113.66625	89.64	72.815	190.51875	92.3375	131.875	339.30875
78.20875	36.2775	77.24625	54.2325	51.18875	82.8275	23.42875	35.995	45.4675	57.8	106.56625	13.03625	24.49625	64.02625	124.66	83.91375	35.36375	117.97125	13.6625	35.8125	47.59	51.90875	16.175	95.155	186.3425	110.06	101.5625	241.1775	340.41875	306.0475	322.53375	277.7025	146.66125	167.67375	124.0075	71.13	199.21125	84.4825	80.91375	108.60375	56.3525	99.305	116.1025	273.74125	133.67125	334.38875	193.05875	137.39	32.325	51.81375	186.98375	146.05125	114.96	115.37875	82.85375	32.84125	24.73	117.11125	101.99875	246.73375	74.1075	540.015
300.875	230.00375	142.36375	198.05625	309.9675	384.055	328.525	334.96	176.70625	143.79625	249.53375	38.79	251.44	157.5775	500.86	134.61	395.36375	1004.5912	370.345	765.47625	246.8875	356.24625	64.02	177.3725	1194.8275	597.21375	315.73375	989.31875	551.75375	949.8125	1683.055	487.065	901.68	814.70875	369.88625	781.45125	463.62625	1432.8838	303.26125	1038.325	366.40375	421.4425	1167.2625	2036.4362	428.84	1548.7225	1843.4712	459.4325	174.3975	586.91375	1567.9013	1271.615	1038.0263	381.29125	526.685	414.13375	267.5875	404.705	906.0575	529.8925	583.6025	1979.23
505.0675	558.35875	434.575	696.59375	923.5225	1325.9262	554.47375	678.45625	370.7175	528.85875	529.2025	161.72	434.85125	734.7725	1840.7113	1047.5337	1548.2325	1882.6912	973.87125	1018.545	615.9675	1385.9013	1948.4938	409.10375	2363.9875	781.21375	655.775	2426.1863	1928.9088	1951.5088	2201.0875	1161.4638	1870.57	2680.7875	751.29375	2983.285	1116.5075	2983.7975	1009.07	1639.6762	584.53875	1371.3825	1428.3025	4199.8162	1300.7288	4052.4887	4033.6062	519.07875	366.8075	1127.5838	3490.59	3597.6412	1548.0263	1589.51	1037.6375	936.6675	1326.175	770.10375	1833.4712	1777.4312	2124.475	4029.865
567.9325	371.0075	148.39125	132.45625	130.685	1088.2562	157.02625	75.7975	138.56125	145.67625	226.56625	49.7775	147.34375	267.50875	843.1575	374.12375	371.01625	648.65	184	429.48	357.18	477.2625	297.7875	233.41625	610.07375	671.71125	870.63	1364.6875	1729.8888	2497.8662	948.4075	622.75625	1046.8587	1199.3375	532.79375	705.18875	310.31	702.385	481.275	1444.7888	420.28625	609.71	241.5525	2374.1575	665.4975	1723.2425	709.86625	509.93125	331.095	525.02375	1045.9812	1800.2062	734.22875	378.49375	260.4375	311.91625	269.435	312.97625	1043.1325	741.69625	997.1875	1744.465
442.42625	204.94875	203.1225	278.695	299.5	435.9775	264.7625	433.1075	180.935	243.3575	242.68	96.875	253.42625	577.25625	933.26	376.7825	599.97625	619.3775	520.9125	912.52	356.8625	437.125	889.33875	59.20625	1097.0188	567.58625	284.38375	1630.5675	674.09625	1110.39	540.6575	572.4025	950.72625	1752.8225	716.31375	1925.4475	855.96625	1519.5463	680.16625	1005.505	451.66	687.79125	782.87125	3323.5488	845.22375	3262.495	3765.3988	661.33125	301.23	536.49375	2032.7762	1380.6812	524.1925	954.41125	1146.7775	510.735	361.34	504.62	2363.1875	1015.0575	979.5225	2464.7375
2796.0833	2342.3821	1788.1464	1752.5536	1769.3333	3548.3964	3524.4393	6187.4679	1030.1786	1812.9714	2041.3274	590.35238	2527.8821	2633.5762	4436.5321	2073.5512	5584.45	5670.2976	4263.9	3509.094	2003.531	3364.625	5261.3393	1444.0964	9026.3762	2461.8917	2444.1381	8041.2952	5440.0524	6794.7048	6356.9643	3309.4119	5881.081	5626.5905	3247.456	5217.5	4268.0714	6775.8036	4384.3655	6483.6048	3229.7226	3116.1952	6432.0738	6788.575	4830.3512	11454.71	6789.4012	3192.4131	1752.4083	5521.6202	6264.4929	12061.6	6046.3131	4610.9571	3350.5024	2187.0452	3177.3286	2564.9345	9123.4595	3263.1167	2580.5595	9309.4012
1288.305	901.29	1022.6538	884.3625	1562.0187	2225.3237	1616.4812	2218.7038	907.53625	1716.8875	1205.3075	406.985	1203.135	1406.2025	2572.1025	933.1275	2117.3375	2072.7888	1994.06	1360.9638	844.92625	1613.4912	2533.3525	535.72625	4142.1712	1091.4712	1259.3925	3385.6875	2072.0462	2982.9725	2623.6	1553.8675	2786.0438	2652.5375	1084.7438	2960.7525	1516.3112	3913.6125	2102.4375	3106.7912	1289.005	1501.8213	2794.0488	4697.8388	2285.455	5745.845	5114.1812	1926.3962	860.6975	2971.9112	4384.52	6315.5462	2967.485	2511.71	2451.5912	1450.8813	1314.36	1390.49	3111.0838	1852	1463.0688	4247.4425
220.88875	172.355	181.93875	221.72625	264.20375	453.90625	184.70875	300.08375	59.0675	222.78125	204.1375	83.67625	191.1775	291.88375	169.39625	201.96625	166.665	160.8375	233.43875	112.86875	117.4675	365.05125	411.58875	131.86375	449.2875	163.105	157.69	463.80625	396.815	826.50875	1100.7262	334.90375	560.18625	688.115	529.41875	463.4475	182.42875	632.96875	219.7975	287.67875	288.36	188.00875	458.83	733.82875	401.6425	853.68	742.82625	177.7975	99.47625	210.7725	973.89375	832.20625	289.6425	260.5325	165.1475	220.1075	128.785	106.7175	807.66125	579.82	255.15	988.94125
100.1175	59.62625	52.7	64.41125	97.7425	108.6225	111.73375	96.49875	58.62875	93.85125	120.2075	26.62375	122.5125	255.3625	249.265	92.52125	55.90125	171.42625	181.43	233.98375	114.57125	93.06125	130.6	38.18875	335.1725	120.8625	68.90625	268.42375	314.86125	201.66875	142.42625	124.0325	322.19125	393.65375	205.42625	234.89875	277.3	346.5275	230.59625	308.86125	163.975	94.88625	212.87125	625.46875	260.55625	703.8025	545.31625	128.595	104.31625	91.11	558.17125	465.94	267.99875	244.02125	131.32375	154.8675	120.56	111.24	282.20875	216.28125	179.16625	788.38
755.99625	416.48875	143.28375	43.84625	628.3825	968.86875	77.13625	62.27	590.80375	142.8525	352.40125	42.83375	67.97	146.8925	125.9775	84.1575	285.0675	316.8825	57.515	22.87	342.10125	26.7	23.42375	59.57625	1346.7625	692.64375	1779.6775	954.16125	892.525	3832.0725	1042.2575	963.33375	1634.4538	436.5725	818.24375	798.0175	1126.5688	630.5025	665.43	394.38875	179.46125	1310.6988	812.9375	1570.8175	200.33	1932.7612	2020.2575	662.065	1072.0688	617.515	1474.045	1143.325	257.26875	744.05375	340.58875	47.3875	18.31375	280.2675	183.28375	981.8825	89.18625	3178.7488
557.92625	434.69875	23.35	70.3925	131.0575	467.9575	208.36875	320.31125	93.8325	79.40625	336.77625	47.52125	243.74625	273.1975	713.3675	557.41	208.325	676.1775	704.37875	543.34	521.86875	242.60375	526.78625	161.4775	693.43625	1087.175	452.76	2802.7288	1415.5512	836.095	932.145	205.45625	261.49375	1071.14	1120.1287	567.9175	1337.0688	568.95125	368.7625	1219.6962	768.74375	216.18	407.02375	757.7725	902.45875	995.93375	585.18125	798.28125	289.56375	227.86875	946.77375	1259.9575	710.4975	588.29125	422.7475	207.4625	565.04875	868.39375	1199.7975	788.69125	500.32125	260.7675
208.955	207.48875	280.015	324.09	355.6975	288.74125	208.47375	146.42125	156.84125	324.05625	303.635	76.1975	298.12375	474.5825	615.08625	296.59875	445.045	1066.9225	413.60625	571.885	219.6575	435.245	683.215	175.62625	686.42625	428.01875	324.21	842.9125	512.195	840.93875	1487.6238	584.2575	769.285	795.73125	819.68125	799.50125	503.33875	794.4975	424.8225	579.15375	219.0025	383.96375	585.69	1678.255	776.385	1811.3725	747.69625	563.79625	196.995	254.62125	1029.8137	1889.7975	559.805	421.035	390.93875	320.8025	472.98375	322.1125	1447.3738	495.28875	755.98	1267.9113
66.07	46.4275	70.93	43.555	108.635	152.765	79.4375	83.505	46.93	82.28625	66.5725	17.8175	87.1275	100.745	147.9575	23.60625	75.9275	28.09875	142.64	18.1625	33.63125	154.0125	176.4	33.96	266.455	53.7575	82.27875	137.895	155.33625	258.505	290.05875	72.17125	139.585	147.1375	107.95375	162.59	114.17875	240.33625	72.15875	235.145	49.3325	88.92125	190.49625	275.3575	192.995	244.1225	478.2675	74.5325	27.87	109.6425	295.1975	259.7625	97.48	132.56125	120.195	123.63	52.68875	56.25875	147.075	98.69875	117.42875	171.93625
106.0075	126.10125	35.555	33.81625	64.1375	136.1475	74.71125	62.6875	19.81875	12.2	119.9075	21.49	18.075	8.15	171.305	134.26625	141.7225	122.0625	160.75375	41.43625	58.37375	42.14	18.17875	74.455	91.63375	143.81	119.98375	225.21875	272.975	267.07125	206.53875	32.7525	63.95875	177.165	146.32125	114.33375	156.71875	130.42375	307.1225	97.52875	141.9775	130.45625	108.77	196.165	212.165	252.37875	228.16875	113.1	60.39125	43.1725	178.565	104.74375	155.82625	77.16	131.11875	33.8675	274.795	175.82125	152.8925	135.34875	75.13125	78.1525
383.275	240.98375	46.90625	59.265	86.99	184.8025	111.035	318.825	41.03875	24.24875	271.975	19.1175	227.37125	175.36625	404.01125	370.7775	264.71125	409.0925	413.2825	308.79875	282.58375	222.70125	113.08375	116.8075	421.31875	542.34375	396.2375	1043.1438	1090.6013	835.15375	806.60375	121.65625	231.48875	750.28375	408.63125	435.70875	318.20875	433.3525	181.99	507.79875	366.4425	206.28875	235.8125	640.0325	644.5475	813.2025	800.8125	365.2225	170.78375	103.24875	521.25625	564.3175	514.89	232.85375	124.9725	151.58875	343.025	342.48625	449.84	558.54875	424.72375	189.7675
1434.7775	1196.6438	254.39875	590.62	551.55375	1860.1337	830.2575	1183.3075	638.2275	410.6675	1406.955	276.9925	344.46625	528.8175	1405.2187	524.56125	1178.2112	1477.6138	524.665	758.95375	460.09625	899.2225	787.94	827.24125	1603.915	1310.4462	1464.8962	2127.1212	3321.245	3198.2537	2214.8075	1221.5188	1577.9175	1933.9613	1637.2537	1105.5238	1939.2338	1043.68	694.02375	1828.965	549.64625	1832.4963	1100.9438	2513.4687	1859.8137	2106.2262	1361.4275	1777.345	652.2	1198.6938	2080.165	1743.5012	1293.24	957.16125	607.79625	442.025	539.2975	630.7175	1808.4338	1581.8412	1146.92	4558.7712
1573.8662	1425.2875	1497.585	1353.59	1910.4275	2631.5462	2337.7938	4392.115	897.96875	1694.2625	1447.7988	385.93	1627.47	1918.9275	1411.9875	804.07875	2464.3887	1140.3688	2561.3962	651.3575	600.81875	2399.3425	5056.5625	685.00375	4213.5713	1518.7488	1240.7325	4200.565	3353.0988	3284.7013	3684.2812	1596.455	2553.0525	3921.9038	1418.5212	3019.91	2167.455	4539.7288	2661.9675	4464.6113	1266.8475	1794.5537	4018.8613	4927.2838	2537.5775	6201.2512	5131.615	1703.055	795.69125	2649.0025	6000.0775	6325.5913	2699.62	2854.5988	1900.93	1843.47	793.04625	1780.7438	5060.0388	2246.5438	1547.2675	7741.5975
858.5125	392.70625	79.695	28.90625	193.37	366.3375	236.23	795.385	83.93625	87.4825	310.79	48.8175	228.0725	439.435	506.27625	422.19375	310.66375	399.84375	646.3375	759.1725	525.28125	129.055	409.2925	43.3125	618.425	1192.5812	420.60375	1696.0838	1515.4563	729.55625	379.59625	189.50625	326.88	1223.7462	684.91375	653.4625	885.71	742.6525	498.505	803.9475	885.675	402.4775	456.32	1181.5025	808.51	1275.5413	1742.7925	631.33	75.3975	285.5025	3006.7288	693.17875	835.43125	734.9575	879.0975	181.625	451.055	834.28375	2347.71	1165.4075	727.38	997.1825
488.6225	448.9	363.47125	501.62375	460.80375	740.61875	509.49875	1229.35	258.15625	483.40875	441.55125	179.66375	444.95375	598.8575	873.56625	480.825	1007.115	834.68125	770.44875	558.61	403.98375	703.19	1341.2337	228.03625	1648.325	668.465	447.13	1453.7738	700.29875	1108.1863	948.1	549.78375	1244.82	1144.4425	557.1325	1288.23	741.7975	1766.0225	711.965	1663.4463	395.9325	723.0875	961.8275	1845.7462	879.38875	2067.0562	2467.4775	527.82125	204.82625	869.69	1428.1138	2080.27	1145.0788	829.1225	821.2225	462.325	536.585	477.2175	1598.1688	554.25625	683.0625	1629.555
816.455	248.99375	54.90375	54.66625	136.1375	512.1975	162.98875	576.81125	53.10125	61.41625	276.575	29.13125	137.76625	200.8625	363.4075	477.69	167	391.61375	611.1125	437.94375	501.51125	260.87375	286.83875	100.29125	528.12875	929.3325	393.41	1610.8262	1400.195	889.73875	898.455	215.83125	248.83125	821.715	647.52125	535.5275	600.445	541.8425	419.58	677.98625	638.78375	261.37625	298.08875	774.90125	726.36125	926.36	973.975	376.88625	101.9925	203.2075	1612.7063	939.49	702.605	295.50125	277.61625	177.68625	317.73875	614.7225	1002.68	696.84	452.23125	380.38
475.93452	206.1131	40.84405	113.375	213.75595	292.9631	219.71548	128.47024	125.25119	111.41667	570.67262	37.46191	127.49048	253.12619	584.075	220.45119	254.76667	723.71667	136.24643	487.74286	250.7131	278.77381	136.67738	182.12619	573.14167	502.42976	438.65357	524.42262	1081.3369	920.37738	461.6369	691.52976	641.10833	521.62976	646.24048	413.76548	241.69643	337.88929	289.17143	793.9	204.69048	378.99643	433.80238	1021.9762	821.75952	1470.956	743.82262	709.09643	305.09524	197.49881	440.63571	1014.7417	435.79762	275.16071	118.21548	94.72738	131.7	242.59286	615.27976	669.37262	430.35714	1100.7107
1210.1713	764.07375	800.7875	999.225	1189.0688	1536.6125	933.9825	2322.4188	641.12	945.1275	993.7125	311.9075	959.5625	1260.6325	1828.0638	1144.1038	2037.1225	1705.4688	1728.1888	1251.4575	759.30625	1484.1013	2493.0825	367.6675	3285.7788	1170.3513	986.6725	3195.27	1880.7275	2553.5225	2301.29	995.0875	2052.0075	2891.555	1012.1338	3071.8762	1768.16	3034.2587	2629.9225	2196.7125	1014.1875	1518.1125	2083.6425	4975.6825	1774.1975	5596.96	4749.6038	983.47125	675.86625	1174.74	3089.9012	4933.53	1932.035	2041.1012	2767.0137	890.85625	1007.62	852.47	3299.1488	1175.5925	1651.6475	3256.8
582.945	618.5975	470.41125	1233.9988	977.78125	1205.11	396.37875	875.02875	456.90125	766.48375	456.325	269.12	529.23125	809.8	1442.2313	580.29375	861.54375	269.365	853.13875	805.5725	643.41375	940.1075	1779.9837	304.86875	1941.6863	719.5425	513.04	1801.0062	845.88375	2370.0975	3773.6137	1192.2075	1533.9612	2107.8475	1048.6462	1849.1637	460.795	2431.78	307.50125	961.0775	619.20625	1315.1762	1772.2025	2359.77	1336.2637	2355.975	3828.3912	550.065	334.76375	613.1575	1747.5038	2130.8688	855.78	1210.9362	762.5275	852.67375	815.5775	418.32	1987.1125	1464.0825	1148.5238	3150.91
902.88438	335.15938	246.00781	208.61719	1175.8703	610.88281	879.89063	1214.9172	356.15	573.8125	776.17344	484.12187	515.52344	240.23438	729.35938	533.13281	383.42188	817.72656	594.75156	581.35	780.93281	449.83906	1980.3109	62.92969	805.61094	1450.7781	1262.4969	1969.8609	2713.6297	2508.1609	1206.2437	1093.7594	1131.8969	1178.7969	720.41406	1088.4297	924.66094	1826.5	1264.2734	966.09688	410.07031	1051.1266	727.40625	1953.1406	981.46563	2190.35	1783.0125	584.49375	631.89375	341.95312	501.59687	1074.7719	1023.9	410.76875	1305.4453	354.68125	94.67812	318.24531	793.05938	1049.7047	1244.3281	2188.3438
245.63452	156.46905	30.00119	111.07976	132.73333	239.15595	110.5619	143.34524	72.07024	78.88929	208.33571	30.68214	55.09405	179.46429	345.34524	110.8	146.54286	154.0119	99.97738	410.72024	188.77738	190.37262	170.4631	124.63333	217.29881	553.96429	230.15357	952.44167	691.81905	826.57143	262.64405	203.79167	301.51071	502.2381	306.62381	318.52976	384.14405	274.04762	164.52619	476.89762	149.84167	381.52381	141.36667	1115.4155	316.24524	900.6881	459.38214	238.89286	131.23214	157.64167	1170.775	623.12381	221.40714	322.63214	142.50952	37.26429	90.79405	234.3881	251.65476	501.77381	315.37619	1415.1964
484.86	239.88125	39.12	101.515	179.51125	377.51125	121.515	241.90625	27.4325	52.35375	331.58375	35.16375	278.48	183.08625	354.6925	256.84125	309.84	396.87625	299.33375	405.775	391.86375	294.5775	96.88625	187.10625	312.0375	370.96125	327.3575	809.25375	941.66375	664.6325	919.8475	152.89	132.035	652.7525	644.99375	218.30875	757.04375	424.5275	154.57	569.55625	330.8575	221.8725	283.755	640.15375	487.49625	510.155	1088.1675	672.20625	215.9525	64.63875	950.31	790.7125	548.5175	299.76	147.10875	205.54875	638.05875	447.03625	319.73	590.3725	381.5975	329.36125
177.135	116.8275	92.50375	148.09375	169.85625	238.3375	179.3225	243.19375	164.955	120.85125	141.03625	71.24375	137.055	272.85875	282.83875	182.03375	149.14125	150.615	288.87375	164.09875	112.4625	211.4225	396.95625	72.4875	387.44125	195.33875	142.63125	306.62125	320.285	402.4125	445.0925	167.88375	221.1525	390.89375	174.01125	456.91	297.45625	478.2075	200.91125	289.11625	154.3675	221.7125	381.925	914.69625	327.98125	812.26375	986.175	154.325	100.9325	213.69625	877.60375	781.51375	285.52	349.79125	274.40625	186.72	156.32	139.9775	328.62	237.98	204.6275	719.7525
423.54048	244.32738	286.53929	265.3131	614.725	531.51429	458.37857	1418.0821	251.05238	356.44524	407.98929	105.9631	336.84762	431.70952	1100.4071	357.77976	674.0619	1112.0881	551.65714	616.93571	229.91429	533.0619	881.76548	177.4131	1611.3762	532.97262	394.2131	1775.1988	1176.8881	1298.9226	1203.9417	542.64167	961.39286	1589.444	567.88095	1263.5083	632.90595	1501.5762	414.50714	957.93333	476.28452	560.80357	1022.4119	2405.7357	719.52619	1789.1464	2374.3071	335.63333	286.74643	524.50238	2679.0774	2282.025	762.26071	891.74167	588.62381	435.07857	485.73929	490.65595	1825.6	814.07143	593.34286	1836.369
1351.965	1392.7162	1227.4187	1013.6188	2092.195	2782.4613	1968.2287	3494.7025	1150.1225	1531.345	1300.36	538.69	1408.2212	1299.7088	3214.0075	1190.3163	2496.17	3990.585	1976.9088	1155.8613	1055.8862	1975.7037	4601.6762	591.80875	4989.4425	1588.8138	1440.68	4498.6762	2857.9788	4260.6275	2775.8488	1756.5738	3464.5238	2834.3562	1745.7225	3098.4312	2660.8438	4448.2275	2243.1163	3520.1675	1346.3125	2194.0725	3146.7562	6446.6963	2618.8062	6563.6188	8193.9875	1643.5575	849.095	2849.1175	4410.2625	7018.5325	2956.5238	3175.82	2648.2675	1626.7412	1743.5737	1470.9713	5432.175	1402.8175	1995.5488	6470.8625
50.46905	40.37857	58.60238	78.52381	54.14405	71.08929	20.36667	47.23571	16.78333	50.27381	59.71667	15.05952	52.33214	76.50476	113.32262	63.52857	47.95952	24.50119	77.11786	24.90357	30.02262	99.22976	129.81548	26.475	64.22619	47.2869	41.25833	140.57857	169.18929	149.52024	143.72143	53.55476	51.61071	157.28095	64.31071	153.55952	108.71786	92.78095	43.25357	77.05119	26.04524	54.51905	87.23095	190.77381	127.39048	177.21429	179.52619	77.94405	28.19048	33.90119	208.01786	148.19762	61.14881	67.79048	69.03333	76.18452	47.99167	26.10238	134.30833	47.12976	72.54048	134.48571
32.8575	16.435	22.7725	51.75125	41.05875	65.82875	18.01375	14.8775	11.29875	8.1975	61.66625	8.6125	49.66625	68.34	69.3825	58.9325	83.34875	83.17875	68.88125	54.0775	21.6825	55.78125	45.695	8.63375	91.81875	36.63125	39.88625	108.2325	99.945	140.75	127.22375	51.38875	59.88	135.44875	106.77875	107.36625	67.53	123.59375	51.58	112.19375	29.57375	35.7375	36.355	128.50375	122.8275	267.71875	126.995	72.28375	51.66125	31.31375	93.6575	183.46875	64.0525	38.15	29.74375	30.925	59.74625	30.325	79.20125	94.11375	104.14625	98.77
137.17625	48.6775	71.19	87.1575	165.18375	182.10875	112.8125	74.49	42.74875	119.165	107.96	27.56875	94.71125	112.2675	273.95	143.25125	194.36625	237.3425	129.95	175.7575	59.48875	167.10875	669.12625	56.79375	359.8325	177.345	95.22125	334.26375	313.7975	403.64	333.64875	336.56875	183.065	268.08875	247.2375	367.8025	191.35625	275.98	359.0525	330.11125	116.035	147.7775	373.41	569.25875	235.13625	614.40125	639.59625	155.8575	57.41375	304.91875	1585.9338	662.90875	192.665	423.93	389.0875	121.93125	166.17625	483.11625	396.87	175.1875	176.19	1732.6262
627.65	388.57125	491.90625	555.50125	760.65	1026.59	429.985	248.99375	271.565	397.25	462.87875	124.3425	684.99375	968.14375	1653.1587	719.56125	1925.3462	1126.3675	1125.965	1528.0462	624.855	1294.6325	1424.3163	326.65625	1690.2625	693.31	502.245	1602.3288	799.2125	1454.895	1419.825	1117.5688	1668.165	1837.68	1131.5512	1824.3375	693.545	1887.99	912.6825	1680.6663	855.03	615.6075	1414.405	4201.0425	1698.585	4053.1775	3456.5125	747.50875	489.0325	936.5475	1965.4712	3532.0525	882.39875	1000.0188	2973.81	946.055	1011.95	770.455	2752.0512	918.92625	1458.5912	2881.9912
202.205	170.53875	34.43875	33.3225	26.235	139.3575	57.47375	155.175	13.17375	6.26125	197.25375	10.96625	137.53125	104.9325	211.32	76.13875	255.39625	230.31125	196.32625	196.48125	166.6425	132.05	48.80875	97.2675	251.48625	289.42125	180.38625	657.18125	670.4375	394.2725	315.3225	50.19875	154.48625	415.99125	292.1125	126.36125	151.61	119.35	84.0725	543.7325	316.13375	132.32375	163.1625	410.8275	405.51125	277.67375	308.43875	243.4125	112.41375	43.76125	190.3725	428.26625	318.9575	159.13	42.0225	81.56125	201.48625	244.46875	298.86875	299.26875	203.35125	129.235
176.73125	96.3875	127.7275	130.13625	242.54625	261.435	204.75875	215.4075	122.41625	196.145	189.59375	55.8625	191.365	302.805	413.71	136.51875	236.4825	143.37	315.1375	171.83125	89.7775	220.69875	309.40625	26.3325	448.385	211.2	111.93	470.1125	267.0675	543.095	384.9825	197.7675	490.27125	480.07875	271.72	649.94	115.03625	508.2875	347.44625	405.27125	141.75125	179.48375	331.9225	909.64625	361.235	778.79375	1184.0962	210.9475	93.38875	187.22	653.20625	971.61625	245.49875	357.9925	266.8725	282.18375	131.105	115.99125	733.91125	286.89625	198.575	891.79875
451.7125	394.57375	548.03125	766.85	652.81875	659.69	538.28	317.49375	210.35375	684.6775	522.55375	70.345	172.015	142.155	283.70125	261.22625	166.89375	115.0325	276.02375	160.04875	52.50375	158.24375	490.695	322.4225	787.03875	268.6525	456.33625	1146.7025	877.48625	1061.295	1389.7775	316.645	410.7625	1157.335	551.22875	711.8025	734.24	845.7375	637.72	281.9475	98.16	779.59375	980.22625	1032.7875	296.195	1180.65	1368.2062	670.27	81.1325	634.87875	1342.0188	691.49125	219.52125	1119.3987	523.9375	215.63875	87.52625	114.55	272.47625	1664.2813	216.29125	1863.4463
230.945	122.97	18.73625	49.54625	37.86875	136.195	90.8175	87.29	47.28	31.34875	170.3275	11.9	86.9325	146.05375	260.055	304.16	60.88625	218.30875	284.505	61.1675	136.9975	80.46375	121.4	46.59875	269.39625	248.1475	242.915	654.455	597.165	418.6	264.57875	94.62625	97.14	361.60375	230.94	231.18	551.9225	150.85125	235.81	267.9475	213.73	138.57	121.7125	424.51625	322.28375	478.69625	668.67875	198.025	101.62875	96.59125	647.7625	331.68875	174.04125	95.72375	73.5825	71.835	68.58875	178.4975	174.66875	401.19875	181.82125	53.1775
326.11875	188.55875	312.80125	192.6625	429.43	393.68375	427.11625	306.19125	166.50375	367.07875	306.58	67.68125	305.76	378.12	650.34625	225.2525	489.12875	389.67625	466.1475	452.11625	389.89	287.26375	293.73875	47.57375	966.9425	365.86625	218.41375	1028.805	632.70625	730.04125	564.9875	193.84375	656.94625	1061.2612	401.60375	676.6125	450.645	839.8025	298.31125	504.59125	332.5925	314.7875	634.06875	1152.6038	657.48375	1360.6987	2308.94	354.97375	306.67125	394.86875	1281.8913	1760.1912	969.31	762.62375	518.66375	499.22	213.42125	306.14375	1273.8913	550.0175	220.39875	1504.6188
96.27625	5.925	147.23625	172.78875	215.8875	351.73375	74.72375	190.25875	88.155	124.295	157.65625	62.7975	267.03625	321.145	232.72875	208.6575	438.51375	153.17375	315.3125	197.69375	111.60375	437.6525	431.865	31.1025	253.4025	260.70875	250.36375	361.1525	424.8775	424.3375	558.85125	365.51375	377.0675	363.4575	178.395	329.13875	117.9475	487.7275	189.05375	440.22625	211.50875	80.19	435.98125	444.225	522.5825	720.59375	624.7275	259.9125	162.0225	244.27	277.85375	902.5725	601.8475	155.7675	161.35	203.76	530.16875	156.445	342.65	164.21	206.53625	554.19375
81.61042	60.81458	37.53333	95.09583	99.99792	50.44167	75.55833	111.44375	16.4375	49.79583	102.36875	10.37917	102.51875	103.82708	201.3	173.55417	158.31875	361.6875	213.52708	262.84583	227.04167	110.80208	99.99167	53.40208	186.26667	375.87292	287.42083	367.8375	503.38542	584.01458	190.61458	215.42917	174.34167	396.79792	184.90208	497.78958	180.77708	669.75833	210.57917	352.7125	183.39167	106.4125	183.6375	1411.3625	356.61667	863.3875	1208.8312	141.28958	154.96875	51.37917	100.44583	650.8625	250.66042	111.93542	161.90625	76.46042	65.99375	152.52292	673.18125	301.99583	354.45625	388.79583
492.72375	253.775	73.1875	244.19375	197.025	748.43125	174.505	89.35875	359.5075	131.70875	496.76	100.09875	184.665	320.18375	1162.8725	433.50625	252.91375	544.50875	217.17125	320.77	514.5625	481.5025	389.96625	80.43	522.695	459.135	525.20875	799.0125	1256.505	1655.0663	1069.9625	709.84125	518.15875	688.87375	647.91125	528.9625	470.89	275.48125	326.6925	711.16375	330.07625	521.095	564.7525	2864.9088	1020.9887	1927.6288	1121.595	593.61375	316.14875	455.45875	876.11625	1505.64	374.64375	488.4125	346.855	239.74625	135.1275	447.0125	1171.0463	1013.8838	911.40875	1865.0213
102.42262	65.16667	7.62619	63.05833	192.16905	102.82262	96.7619	179.50357	16.07143	64.11071	95.99643	27.64524	78.53333	38.09524	242.16667	144.16786	113.19405	227.74524	114.10833	183.97738	172.95476	120.29167	123.93452	53.10595	146.24405	339.20119	268.59286	498.61429	1147.0393	479.58095	293.02262	165.45238	349.56786	385.55119	217.96071	261.06429	340.44524	248.20476	172.61548	493.91786	170.84167	201.64881	132.38214	621.31071	309.25595	370.62262	378.8881	90.77857	134.19881	46.64524	69.62619	371.03214	167.69881	94.83333	123.08929	68.48214	67.83214	114.52738	149.65357	147.11667	208.53333	945.94405
854.12667	1313.0783	419.20833	811.41167	786.29333	1283.5583	1038.15	251.47667	585.57	565.605	624.93167	234.79667	280.92667	703.94833	1422.3983	1038.3733	745.85333	410.61333	729.17833	609.24167	407.97	606.75333	255.91333	1078.85	1205.0733	1044.5833	834.555	1409.0233	2119.5367	2056.8733	1811.285	1331.7017	1099.7617	2047.8017	967.47333	937.14833	1880.2517	625.08333	1486.6533	1023.3	587.48	1352.1633	802.33333	2538.5517	1152.4267	1803.9133	1386.3717	485.315	440.045	657.295	798.30667	1629.2117	1223.07	1137.38	689.50333	476.595	260.75	456.695	811.345	888.79167	921.42667	2095.315
147.87625	20.20875	72.07875	61.59125	290.8225	191.02125	83.085	139.40875	32.3	74.88625	188.0675	33.1875	229.12875	140.23	291.70625	227.7	176.68875	323.5975	70.11875	248.85375	253.24	162.96875	181.37375	51.3875	343.33	339.34125	317.1575	426.90875	666.54875	706.9275	367.10625	276.29625	236.45875	403.76125	215.96125	153.44875	497.94875	175.06125	128.62375	402.01625	82.81125	150.0525	201.0175	550.69375	517.32125	430.79125	686.825	259.42625	169.06625	100.79875	216.90625	221.65	160.18625	95.00375	201.15	180.3575	149.9425	139.35	308.735	248.2575	181.4775	919.08625
572.92125	493.1225	522.3975	660.67875	796.2275	1043.195	834.72125	1761.765	444.9675	578.85125	639.42	206.83125	677.91	688.29875	1246.38	469.765	1322.7262	1345.91	898.7	773.15625	229.49	1028.1113	1853.0125	330.21125	1979.0087	467.34625	526.6975	1413.6775	1352.23	1633.8525	2521.2062	863.14375	1395.7088	1445.7688	881.63625	1194.4013	614.39125	1565.6387	933.1025	1293.7912	515.03875	734.50625	1552.9075	1922.2275	1471.7462	2394.5412	2226.6088	813.6075	344.155	1414.6975	1322.7	2348.9675	1851.485	1049.6212	628.8925	633.16	657.185	573.41875	1163.9038	1123.8238	825.94	2149.2
200.01875	130.77625	160.115	178.37875	221.6725	239.84875	173.76875	257.16625	104.50875	180.76625	184.6525	54.035	152.52125	246.78	443.1225	199.4425	497.1475	685.69875	254.9475	164.34625	162.155	241.81875	197.72125	116.8075	792.27	303.69	164.4	656.94625	395.3275	661.175	469.42625	307.54875	500.91375	473.1425	227.58375	487.375	371.34375	322.23875	237.9575	562.94125	212.16375	266.3125	490.94125	1181.5188	403.17625	960.58	1153.2488	262.79625	123.5425	142.77125	545.6275	1234.8075	348.74125	292.18125	296.56875	226.075	238.94	330.85875	974.72125	156.725	245.40625	903.535
573.1875	391.85625	308.94	534.67	519.8375	689.42	662.74125	650.98375	128.0575	334.1525	639.28375	65.0325	633.4825	432.79875	751.65375	329.96625	1131.7888	1152.68	627.61875	698.385	634.24625	793.9775	563.73	383.9975	1721.9338	383.92125	516.6825	606.6175	844.2325	1640.9362	1736.3825	794.4975	904.60625	1091.8875	854.7625	1372.0288	551.17	1062.9125	449.075	1084.8513	330.2875	774.6925	862.6375	1072.775	951.28625	1496.74	1892.6625	612.38875	401.64875	338.06125	623.51625	2031.265	1319.63	645.545	740.215	686.51	788.48	401.5725	2311.3112	1295.8163	920.09125	775.345
221.5775	108.56	21.87625	39.2125	97.83875	128.84	53.4325	254.87125	25.40125	30.85	235.0275	36.7175	90.72125	82.5825	204.49125	148.83375	125.56125	98.8375	151.32	97.9275	156.1725	95.8125	225.51875	20.30875	344.33625	379.63	129.955	603.33875	578.38625	230.00375	294.52	125.67375	78.8375	195.75875	456.2275	155.99125	389.4	166.60375	75.0925	331.395	118.61375	78.59	194.89125	134.65	422.94875	452.04875	274.955	180.32875	42.9175	81.92375	493.96875	287.155	169.4975	78.15375	110.83125	73.25625	61.9125	145.375	262.4975	550.28625	114.0425	75.87625
1039.3175	758.42625	210.45875	175.08	535.2325	758.51625	284.9975	66.34375	565.06375	508.94125	733.405	184.9375	272.54125	2413.5375	2028.0587	1937.4538	93.53625	187.3075	440.935	178.70375	2917.5812	641.17	32.13375	299.94875	214.1425	74.7325	180.33375	277.63	405.3175	600.3125	91.00375	188.76875	219.1425	256.6025	222.4225	111.47125	550.02375	84.5325	148.33125	156.60375	233.13125	294.2475	199.1475	990.05625	2671.3375	751.93	612.925	272.4525	502.50875	87.975	87.73625	418.05125	844.55	203.6975	71.08375	752.9575	82.7175	204.4975	171.985	318.0425	107.75125	626.2475
174.77024	128.94524	189.93214	604.86667	197.2131	322.10238	114.37738	49.84405	63.17976	176.01548	132.07024	39.65952	261.80952	215.21667	875.30357	292.43929	1180.9857	30.92143	347.45119	242.57262	229.02381	370.85119	253.45952	85.56548	29.24524	35.11905	43.94881	82.80952	87.54524	194.81786	341.44643	207.9119	113.28095	101.58571	88.93214	78.37857	107.63214	35.23571	63.70357	94.92024	63.66548	19.90476	137.55476	757.64524	268.60119	299.80833	73.99167	35.77143	369.75476	134.54286	124.7619	159.96786	70.90357	10.99048	77.84881	422.40952	312.72619	17.2619	183.36429	9.97143	105.74643	117.53214
485.295	322.35	117.37875	251.35375	219.34625	582.46125	134.275	194.28375	92.6375	113.8175	372.83875	59.65	330.06875	714.83	546.79	620.7725	482.0025	134.005	613.58625	274.92	513.64375	339.72	82.765	195.63375	198.96375	82.10875	143.81	334.09	66.2775	272.6475	245.02	48.0175	64.4025	338.78	132.2875	69.13375	31.55875	55.32	127.85125	343.1525	302.2275	56.84625	250.12125	177.41375	856.81875	368.98125	381.18375	263.1575	518.61	100.59125	120.37625	352.46625	198.5425	157.0925	128.23875	366.92375	322.32125	237.41125	289.53375	187.51375	289.45125	148.9025
2439.4775	1866.065	480.4475	765.66	955.6675	2007.8975	1493.4225	2299.4925	806.2575	488.22	1602.4	466.445	880.9475	1034.6525	2186.1725	1670.12	1075.625	1206.6075	1828.8375	524.5075	1275.7875	653.595	969.95	869.9575	1092.445	555.275	618.675	899.215	1337.3575	1112.835	1469.105	274.5925	378.7775	682.2025	1276.5075	431.705	1152.3925	333.7425	1054.43	576.14	743.64	797.2525	1314.3925	594.01	2315.885	980.66	1100.7825	622.895	695.275	383.8	2418.3525	882.76	1867.8975	490.875	639.3925	569.945	1168.0975	347.195	1062.2125	789.605	649.9425	320.6775
646.19125	356.7075	526.59125	982.2125	949.7825	1262.9538	416.16125	478.0575	67.1175	733.27125	471.6625	83.77625	829.64	479.3275	2865.82	648.09125	1730.4238	214.08125	1126.215	606.52625	750.08625	953.05875	245.54	632.76625	216.1225	106.23375	111.495	321.30125	365.18875	482.57375	2233.3538	828.5225	110.8775	640.645	387.75625	321.04	65.57125	219.97	315.2725	339.9425	305.40625	157.74375	766.49125	664.1775	991.7425	731.9575	703.46125	130.20875	516.53875	223.10625	292.75375	523.7575	528.0625	258	373.06625	998.82125	716.8475	102.20875	400.96625	118.14375	291.3725	403.32625
168.535	183.6425	13.81125	73.82125	159.8725	100.51375	77.8375	317.90125	567.42	91.905	348.8625	194.61	53.77375	164.015	196.2475	23.57375	155.65375	151.49125	172.2625	81.48125	115.2075	136.4325	76.31875	98.8425	81.33125	52.64375	51.95	105.3525	155.26625	132.88125	184.77375	45.425	41.9275	86.8075	69.41375	14.045	91.13875	29.265	109.635	109.9575	48.44125	11.74125	162.04625	174.49375	247.98375	143.60625	134.46375	204.44	97.69125	132.67625	130.99	113.4575	72.655	93.91125	41.52125	78.51	17.4925	56.91875	211.2125	122.79625	52.3175	157.04
1671.5825	516.01	683.025	1294.2125	2979.3925	1182.8713	1301.9938	556.9325	1049.7563	1498.59	3266.5762	463.26	2104.9825	1187.4788	2976.5325	1836.145	2544.9138	1057.9062	1311.4538	816.80375	2769.8375	1649.9338	974.2775	283.30125	1025.6413	648.1925	787.29125	1593.0525	2970.4075	1348.745	1524.7175	1044.4837	622.9825	616.70625	957.67	405.47	913.41875	345.8425	809.30625	1606.7025	419.4	472.97375	908.2375	1474.9337	4074.4275	1043.9212	1704.4125	892.73125	1811.185	677.195	544.75875	1213.17	404.9825	648.6025	805.6525	1476.315	558.525	306.52625	1125.7962	690.39875	402.3225	607.69875
381.64286	106.12619	269.1	423.49881	448.3131	530.83214	160.37143	51.59524	61.41667	358.02381	284.03095	18.30238	499.40238	790.19524	1675.2845	885.53333	600.7869	501.59167	746.5881	456.94643	557.93452	657.6619	98.82619	100.34643	243.58571	117.37976	138.58095	268.5381	205.375	155.32024	184.31429	450.01786	247.93929	524.53571	129.13333	297.28929	177.0869	165.98095	197.72857	238.6131	174.32262	53.82262	154.94881	402.84405	635.2381	547.02738	512.94881	128.56786	476.67976	152.83452	98.42143	834.00476	332.29405	89.06905	211.75	805.29881	662.37024	140.36905	246.29524	162.05595	233.52024	282.12262
290.74625	62.52875	112.01875	81.7825	440.755	393.91375	120.0875	86.34	33.4275	176.6575	234.96625	47.4875	322.0475	171.645	234.90625	442.1225	332.6175	82.96	166.8525	89.58125	255.24375	167.30625	157.94625	66.65375	108.675	113.31625	119.3625	142.7125	221.09125	233.76375	151.1025	123.85625	55.415	132.08	64.0175	50.02375	128.785	43.5475	93.905	113.42875	40.7275	76.48125	63.18375	159.00125	423.955	170.87625	259.24375	58.345	232.10125	57.69125	71.7	116.1575	62.82625	57.7125	100.49625	190.135	77.87125	36.21	102.31875	122.8175	79.58375	314.28625
883.1825	355.81125	229.85875	399.9975	542.78375	1287.6113	349.75625	86.96625	116.6925	362.065	491.4025	37.23625	616.95875	1233.0375	3636.0038	1770.175	1802.0775	255.76125	788.96125	733.04	1218.93	1093.14	73.6025	772.3625	144.3225	147.6625	229.93125	179.53	308.84375	366.01	1177.01	578.77625	115.24	543.51375	254.41625	112.5975	182.04125	48.99125	213.805	254.26125	235.49	137.9025	220.12875	606.9425	1317.9387	611.17	190.51375	199.8275	1632.9863	222.70875	95.20125	408.55625	410.3725	99.435	153.03	1111.5025	1485.92	205.2425	320.36125	110.59875	295.9	394.3175
192.79875	151.89625	359.2725	144.5625	562.64375	529.98125	259.5675	135.5425	257.9325	444.80875	386.52375	103.65625	408.00125	719.74	712.12125	469.0475	380.8675	484.8075	667.6025	185.58125	172.54	268.1975	166.97125	71.835	220.01125	112.0925	176.8225	246.6825	266.695	233.44125	187.9575	199.695	178.84625	342.175	178.90375	198.46125	197.33	132.375	211.62125	240.985	101.85875	135.08375	217.21625	462.36	660.59625	494.99875	393.665	208.46125	312.83875	69.46	170.36875	617.7225	306.29375	144.9425	171.67375	530.695	200.09	72.8025	262.69	152.8175	195.46375	328.04375
249.5775	233.1175	38.1525	72.62625	118.695	341.12375	125.415	148.67125	59.34	41.1025	236.73125	29.41	201.10375	266.82125	245.06875	287.48125	168.4175	100.2225	279.3825	31.495	289.95375	185.095	11.3575	58.16875	105.5425	95.5725	83	152.69375	145.48	101.6325	58.34625	16.26375	63.12375	121.80375	71.335	38.1675	61.97625	71.58125	67.5125	129.19	141.93875	108.9425	120.6625	100.17625	374.99	98.36375	303.01375	157.83375	162.37875	39.11875	107.38375	238.43125	174.24125	80.79125	42.61	152.8	105.4525	88.0025	90.3125	116.2975	74.5375	68.00625
1965.8775	433.88625	414.4675	384.27625	522.9675	2787.0687	278.55375	76.29375	82.13	404.7675	731.005	33.27625	479.7725	1881.0587	3523.3975	1862.81	1679.33	179.03625	792.04375	806.09	1665.4025	1250.635	29.10875	673.955	68.65	196.69625	336.985	254.3325	483.80375	641.55625	1202.8725	1041.76	186.15375	796.56875	405.945	220.29875	211.01125	59.50375	238.0525	523.70125	312.60875	225.83625	229.89875	1192.1025	1661.6562	980.78375	301.70125	273.305	1778.8312	179.56	195.39	364.52375	381.7525	106.86	274.91125	1053.84	912.09375	271.6925	602.9575	157.455	341.72125	1090.605
203.38333	74.09048	286.22976	125.74881	143.54524	393.80238	168.78333	32.15476	103.60952	201.9369	116.05952	26.60952	310.26667	312.86786	1181.0464	364.20476	775.64405	99.58333	522.10714	166.22143	293.4881	442.58571	69.89762	74.85952	51.51429	33.34286	34.45595	72.075	68.56905	119.55357	234.75238	152.09762	56.35119	82.70119	68.46191	108.19881	48.55357	79.35714	127.10833	182.3619	51.20476	40.89881	94.70833	412.4869	430.00357	289.93333	223.96429	89.40714	280.68095	60.35952	151.67738	316.23095	175.60476	97.11548	84.90119	612.31548	265.87262	24.53929	131.39286	29.16548	93.91191	173.60476
160.22976	150.50476	95.93571	110.65357	182.13571	149.09405	89.80833	110.9881	63.47738	145.0131	173.5869	38.29762	67.10833	83.77024	89.78333	121.73571	135.05714	156.05238	98.28571	90.74286	110.80119	116.68214	67.50952	194.25238	16.60833	30.05	37.94405	77.14405	92.25	60.29762	60.88452	25.15	15.28095	64.60476	36.09286	11.3881	93.62738	22.61071	122.16905	73.14167	18.56905	111.58452	207.66667	89.01548	114.30595	57.70357	95.1869	136.675	41.33929	59.98452	128.61548	105.35595	42.83571	136.37619	133.19643	30.0619	90.93452	19.03691	150.15	158.225	83.39762	90.99881
184.03095	219.39405	227.58214	631.58333	311.80238	390.50357	316.40833	284.39524	353.02619	481.13452	295.35119	85.675	232.62262	300.50833	198.73095	145.80595	118.475	71.45	437	28.8881	148.76667	275.61548	162.63333	26.74881	268.1119	83.60119	98.23095	135.9619	106.74881	101.62381	170.55476	144.04167	142.25	177.98333	136.73095	130.98929	59.59167	276.2619	154.85833	105.70714	67.21309	113.51905	207.04643	174.91071	603.17262	451.26071	446.35357	68.68929	144.07619	63.825	136.72143	253.65595	132.32976	204.22262	123.63095	223.89762	55	30.98571	217.26667	91.08809	67.57381	136.98929
763.63125	92.62875	85.97125	62.06375	204.81875	690.1875	84.83625	26.935	17.7925	132.4125	463.52125	15.375	77.67625	335.2675	1233.7312	309.40875	565.9025	85.7475	151.19875	125.3025	479.14125	322.79875	13.04	110.605	35.5	51.40875	66.2625	99.86875	241.6275	152.895	170.4125	252.6525	76.325	114.93875	79.17125	33.85875	178.31875	20.58625	81.26	139.65875	44.07875	55.5975	43.79625	276.50625	445.6625	189.21375	105.6	154.35875	469.47875	37.2425	106.57875	178.37375	129.27125	36.93625	57.55875	234.2925	241.4325	29.31125	86.00875	64.91	63.68375	270.12
590.59625	1395.7725	126.77625	91.81875	147.28875	665.65625	120.6725	8.14	272.93625	165.7625	292.39625	52.30875	81.69375	281.77875	1027.085	560.93875	180.6125	47.06875	187.3775	137.8925	483.565	266.85125	61.79	21.56	109.9775	94.73	80.04	164.1875	300.90375	161.74625	296.35	153.90875	83.92	137.8025	113.3475	64.1475	111.77625	75.95375	34.7625	205.74875	44.27625	103.13625	70.69375	454.3725	527.29	418.61125	178.0625	97.08625	248.07375	52.87625	70.1775	127.42125	96.42875	45.30375	36.51	218.05625	31.6325	86.2275	120.46	103.8475	104.05	419.00125
263.75333	82.84	246.075	227.87333	366.01167	411.83	234.11667	151.205	103.53833	221.02	302.77833	36.965	264.42	667.29833	563.90667	567.63167	550.11	238.02833	525.07	173.19167	256.71667	675.095	103.435	99.84167	210.70667	80.55167	117.55	189.825	179.47833	120.10833	280.46167	199.59	120.64333	243.445	83.53	116.43333	108.77167	100.22	167.17167	157.355	101.53833	88.24667	121.74333	297.855	744.91167	392.08	390.805	208.44833	170.71167	97.69333	161.53333	411.52333	203.145	98.05333	151.02	451.16167	455.36167	62.67167	151.805	132.57	159.07	259.17167
394.48375	241.46	319.01625	301.53375	871.51	865.06	342.265	127.32	615.81125	273.98875	145.875	91.47125	424.96125	1341.515	1432.7538	1046.4175	1688.9325	58.565	881.50875	566.095	497.01	871.06625	58.90375	336.7	196.13625	39.6325	75.3725	154.81875	173.37375	138.255	690.01375	378.56875	183.19375	421.8825	131.33	195.72625	151.99	80.67125	386.60625	480.825	249.9225	91.7875	238.7175	1334.2312	1210.9363	971.06625	391.0975	91.97875	506.83	424.5675	356.06125	227.57875	107.895	129.97	188.16625	650.67625	609.9525	35.29625	82.78375	20.1175	254.6975	284.75125
269.93833	75.04833	212.69667	247.48	363.61667	391.00333	217.10833	127.38333	102.205	207.37167	287.63667	36.27833	220.425	600.745	549.97	457.44167	538.01833	154.38333	501.13333	115.77833	221.84167	641.32833	86.30167	87.18	141.64667	59.715	98.39	120.85333	84.78333	118.12833	246.56	177.10167	115.665	203.825	76.02333	109.07333	114.12	108.97667	159.71	123.345	84.63833	66.225	196.90833	203.39667	727.915	355.50167	351.07833	177.47167	183.84667	97.105	149.98167	328.68667	124.32667	86.48667	120.325	438.67833	467.34333	42.35	136.32667	85.90833	99.93833	238.14833
1095.1325	20.90125	367.59375	248.9475	1106.5362	515.0075	362.44875	472.61875	320.85625	590.96125	573.18875	233.4875	1124.1888	474.22375	1024.5175	2847.8338	973.94875	553.74	539.35625	222.5375	2459.5438	979.90375	141.1925	89.63	118.93125	102.53625	331.59125	227.2275	693.3525	404.42125	263.37875	215.865	161.11125	222.88	91.4225	166.93375	269.09	125.73375	260.815	333.6125	133.0475	170.61375	242.78	259.9175	1556.0062	344.18375	165.00125	182.6625	931.46	93.41	73.8225	1487.66	700.99875	16.34625	126.88	934.08625	477.9775	58.31375	1632.1337	161.54875	100.39	183.9875
481.68375	76.37875	170.2925	211.5875	643.18625	430.6025	90.32125	46.8325	20.35	294.00625	394.5625	30.72625	397.7225	353.93125	1309.57	1069.4413	566.33125	109.9025	426.79875	269.29375	666.74375	403.98	59.8675	62.1725	57.53625	60.5475	137.1325	101.39	213.2525	175.03125	161.40875	285.69125	85.02875	205.9875	51.63	34.73625	196.87625	44.14375	109.53375	137.54375	62.06625	57.19625	86.78125	316.32375	666.80375	171.3475	415.38875	70.18625	795.99625	37.6175	29.30875	206.02625	128.42875	30.1	169.605	625.23875	646.22	44.79125	115.85125	97.14125	93.79625	226.565
144.86548	110.57262	23.96905	103.00714	67.17143	168.47024	39.18809	24.20476	21.3631	29.55952	110.77738	19.86548	73.78929	103.12738	292.6631	190.21429	178.74405	7.22738	238.11786	69.86429	132.99643	116.27857	19.17262	52.41786	69.04762	41.3631	29.65833	92.21786	130.04405	71.58571	112.54048	23.14881	14.71905	65.92262	33.48691	16.63333	98.70119	25.68214	57.74405	60.66309	56.07857	66.52143	67.52619	42.75595	200.19167	80.0131	68.73452	72.87857	85.69286	30.41905	25.41191	51.94881	62.29643	23.78929	34.35357	76.67143	36.01071	55.40476	78.20833	56.00357	13.69286	45.90357
770.79625	559.4425	192.69625	118.24875	368.06125	1102.6175	285.265	616.4325	215.56	140.17625	731.5225	91.6125	697.5975	1080.6075	1022.2425	1117.3337	321.80625	577.41625	1322.1125	66.555	965.58625	631.1075	8.66875	42.1175	523.55125	312.20125	232.635	208.95	667.9325	251.56125	143.24375	105.54625	149.8725	258.80125	195.75625	103.7025	1068.5588	177.47375	198.04375	172.8925	352.60625	145.21	153.365	335.94125	1434.6887	362.36375	716.19125	188.66625	566.6075	21.7325	258.46625	379.51	601.28125	251.2575	183.08125	822.50125	44.53625	342.01	158.1125	195.45125	43.83	187.1625
96.68824	26.12794	47.85147	42.37794	158.65294	70.18088	39.62206	34.03382	52.24265	85.64412	136.00735	18.74559	136.13824	66.56471	281.72794	287.62206	76.53088	86.91765	135.37647	16.21618	176.59853	87.31912	12.63677	22.86029	52.34706	18.73382	39.54412	51.73382	99.72941	55.08677	47.47059	27.61176	41.02206	24.74265	28.89412	26.00441	26.68677	32.09412	25.39265	27.72353	16.95	24.64412	30.58824	129.47353	231.11765	108.38088	121.17794	26.51912	116.92059	7.94706	22.17059	79.88088	72.75	23.13088	36.56618	73.48677	20.26618	19	33.54706	42.52353	58.12059	47.96912
2367.35	553.72	396.18	772.85125	1826.7775	1620.3862	961.0475	109.31625	535.92875	925.12125	1697.7962	36.49875	1505.39	1783.8638	1892.25	3004.7725	1019.6138	130.8175	2032.4512	63.81125	862.195	473.13875	16.6525	67.47625	210.48625	578.89125	456.19375	272.83375	1026.1525	53.10375	111.13875	280.32125	225.405	355.92125	280.655	280.52125	843.0975	138.43875	805.66875	166.06875	193.53875	203.58	473.8875	1035.4225	3372.4575	322.7425	477.68875	838.3375	1925.795	29.10375	20.38875	254.67	581.1875	161.72	132.505	734.1175	17.44875	135.515	153.98875	167.75	170.1625	1689.1088
105.84	26.11	77.13125	19.0925	111.95375	124.8575	58.98	7.68125	28.975	73.695	85.97125	9.82625	104.575	138.4275	457.9025	178.215	317.7575	30.57125	207.08625	60.0275	107.84	166.4725	17.89125	9.13625	31.22375	18.14625	26.71	28.98625	56.86	47.50625	101.32	79.8975	24.67875	55.96	27.8475	29.31125	14.4825	15.055	42.4575	62.38875	21.09125	20.04	34.99375	90.3875	169.55375	115.58875	69.3975	20.51375	81.1375	21.95	28.535	78.19125	36.7125	18.4475	38.9525	175.7825	53.5475	9.035	56.4525	21.17125	22.6875	52.42
605.5381	172.44524	111.28095	190.65952	145.02381	1031.1321	218.22024	10.82143	17.19167	151.80476	599.53333	6.25357	247.63571	509.39881	1878.3048	449.69762	913.275	60.20714	363.13571	201.59286	796.02024	801.29643	13.16429	119.1119	12.82024	59.1131	82.91786	65.14762	197.35119	196.01071	340.80952	300.14881	29.42976	141.51905	151.0381	44.21667	46.07619	22.71548	135.98929	291.09048	85.26905	44.94048	90.20952	112.28214	877.25595	293.15	27.73214	177.2381	575.33452	36.59524	21.06548	121.1881	145.54643	21.80238	49.37738	425.21429	147.2131	48.40476	144.4869	29.10952	74.59881	108.51667
2337.7487	1587.8313	2615.9238	1050.7225	4285.165	2046.725	1685.0813	1184.47	1462.8238	3616.11	2248.025	490.67	2668.355	4474.7638	4129.8137	4669.7638	498.2425	1270.6612	3461.6288	133.3475	2407.2313	2311.1137	675.95375	93.695	2794.8887	163.8725	759.2575	934.13875	811.50875	1414.2575	700.1875	1147.7437	1409.8738	1249.0137	990.36375	885.155	945.0575	1830.4388	1098.5612	501.0125	737.09	1129.4625	1218.76	2450.4425	3387.94	1628.0938	3649.8488	675.91625	534.77375	96.92	417.68625	3378.2975	3377.8613	565.90875	835.6375	3079.59	114.38875	380.7925	896.95875	833.60625	304.7975	935.415
158.12976	166.3131	30.79524	80.06786	53.84524	187.76071	67.36667	112.03214	25.00595	43.38452	87.67262	17.46786	114.9381	96.70595	242.72857	208.6869	174.95476	45.68809	201.76667	28.67857	110.15	116.8631	11.69405	132.85	26.24643	24.20119	39.99762	81.08809	54.8869	50.47976	50.71667	26.66905	27.10357	63.25119	21.5619	11.32381	76.14881	17.17143	81.14167	73.58571	36.93809	37.58214	104.19643	118.34048	242.98452	25.56905	83.40714	51.22143	108.35714	24.72619	60.99881	61.69286	63.37976	16.68214	38.95714	66.15	100.23571	13.64881	18.09405	45.27024	55.78809	33.32143
3564.8988	1124.5214	713.80476	800.84048	1454.5143	2911.4107	1209.0738	224.39286	218.95476	742.28452	1985.9536	119.50714	3628.2929	2507.9429	4493.0762	3332.9274	3933.9976	1066.1571	4570.2488	849.99405	2877.3369	2159.9298	153.16905	295.77143	674.70238	435.5631	1030.4548	667.51905	1763.2381	1062.725	1513.5333	385.23571	541.90476	1346.5821	959.05476	376.6	391.36071	523.04643	772.7619	836.18929	1584.6167	296.23452	386.16905	650.45	3145.4917	947.5369	2020.3131	687.49405	2840.881	161.15952	452.01548	2358.444	2844.1595	141.89048	395.39881	2425.7893	1058.7024	614.96786	910.83095	569.17738	393.64405	131.35476
1803.7637	799.945	213.55125	382.57125	307.89875	1031.0638	353.0725	175.0725	78.66625	120.015	882.2625	30.68125	852.5175	817.535	1151.8313	1111.87	1336.2637	162.53	2002.7738	444.39375	1127.1975	1123.0463	12.19625	460.5675	48.8425	44.96625	249.99125	168.61875	517.4	169.03875	741.86375	400.33875	51.495	241.4125	224.61875	31.58625	184.6225	24.08	163.8475	603.4625	517.77625	11.93875	644.87125	119.67	1549.7713	260.27375	69.96375	228.4225	595.38125	463.5775	87.9	154.88625	291.77125	6.3175	105.94625	815.11625	1436.6688	254.29875	187.465	38.54875	159.69875	103.35
3973.0238	2265.7262	1558.4075	1827.5962	2878.9488	5364.6825	1877.9725	1339.8875	335.8575	1175.475	3241.4875	202.98375	3577.4425	2579.9175	4976.1438	3422.7225	3629.7525	992.83375	4200.7938	1476.1675	2644.5338	2672.2838	439.98375	1412.805	1338.0313	927.335	1177.6625	1784.5837	2775.9487	1903.3975	3812.5612	714.8975	475.35625	2175.8362	1198.2638	712.74125	1166.2012	507.3075	1459.28	1303.6412	1954.395	1030.5138	1541.3	1505.3088	4038.5012	1456.6125	1410.5487	1388.06	2715.4912	371.75875	1685.795	1443.4088	1500.1563	714.885	1228.725	2336.7762	3015.0325	746.515	1498.6013	889.9575	982.07375	953.7075
1481.2929	392.79167	360.56905	492.69762	613.74167	2159.2762	420.49167	43.1381	188.62262	551.59524	799.72381	57.72976	447.75595	866.975	2744.7369	786.49286	1369.3857	342.02143	571.42619	338.24762	1107.4036	775.8631	74.34762	99.06905	179.86905	173.4881	391.08452	225.23929	601.21905	486.87024	354.76548	360.64286	450.13452	220.68571	371.5619	142.82024	40.81786	179.77262	210.31429	362.75595	209.99643	168.05476	107.10952	599.02381	998.95357	652.69762	488.75119	291.91667	1125.519	155.42381	122.86786	752.92381	499.31905	85.55476	140.11548	675.36905	110.54881	148.48452	241.78095	249.69048	141.90595	304.90833
471.61	90.65375	143.86625	106.235	691.35125	330.94	166.5475	71.14125	79.65625	232.05	604.44375	26.53625	538.81	309.245	831.825	1014.785	572.1925	174.45375	280.4775	229.0775	639.75625	379.12875	26.5925	54.2225	85.80125	55.49	422.29375	99.475	363.27125	178.84375	298.255	204.39125	109.1325	124.575	67.45625	66.10125	97.7675	46.5525	105.8925	179.33625	23.42	35.2075	17.23875	347.77	1001.0062	114.73	64.19	30.25	385.5	36.52125	11.3675	79.02	48.22875	8.555	89.31625	440.6975	98.75375	30.8325	146.4675	25.9625	35.53	126.8675
3510.47	2029.475	468.495	936.81625	1840.3163	3159.0613	1419.1775	523.8325	138.17875	527.0875	2202.73	76.86125	2294.545	1930.0975	3564.2375	2529.7	3819.8575	507.97625	3321.515	692.1275	2163.0025	2011.4662	68.93875	1299.7188	126.245	289.74125	698.0525	635.38	1090.8375	562.2775	4432.0925	578.2475	199.6	1341.5137	826.705	163.21625	424.205	157.56625	679.8075	916.3725	999.61875	153.52625	929.4675	393.175	3396.8388	398	248.99625	884.425	1756.9938	143.04	404.1725	651.09125	829.3875	134.90375	423.88875	1426.7875	2305.2088	525.1775	575.50625	216.13625	398.93375	134.1975
265.425	59.41548	102.84286	86.92619	213.48214	188.66548	129.80238	60.54524	124.87262	192.76548	320.79167	58.64405	269.98571	289.35714	460.65595	661.30952	277.85833	112.56071	218.75357	65.50595	343.09881	216.55119	32.83571	30.91548	57.18452	35.31191	77.49881	46.06071	135.11786	72.35833	89.72619	190.12976	66.71071	79.11548	48.39881	30.58809	97.92262	30.96786	107.95595	66.55595	29.63929	39.65357	82.16071	127.08095	535.82857	151.39405	145.10119	49.87857	321.90833	20.7619	23.53809	91.66071	63.18452	12.83095	52.05833	240.06429	41.69286	11.85952	87.80357	70.80476	58.37024	180.28333
875.03125	83.63875	189.21625	102.72	621.84875	580.545	202.07	48.57875	74.09875	325.82875	760.64375	38.98125	478.7625	346.63375	1851.1712	1138.2238	878.095	44.34	369.755	104.0875	734.7675	521.12375	23.0325	53.16125	38.84375	34.445	168.7175	69.93	244.12125	170.27625	313.115	326.86	41.1025	126.64125	83.94125	39.17375	102.87875	26.8525	126.64	227.945	65.12	23.3825	52.11375	251.31375	989.29	155.9425	84.14875	62.6425	511.78625	35.20125	31.36	35.70125	33.94625	14.5525	92.33875	537.2	298.59125	23.76625	108.86125	20.74875	75.12875	184.17375
1015.0012	843.30125	393.66125	416.21875	345.53125	1116.475	552.73375	490.75	501.805	363.015	1018.9238	174.84625	661.655	1352.3012	1824.01	1623.7712	1249.135	63.22	690.6425	474.42	1701.8562	1837.2087	33.3575	155.28375	168.92125	87.39	248.6175	88.50125	284.08625	367.01875	547.305	485.4625	513.82	102.67375	110.2625	43.33375	51.41125	86.69625	171.6475	322.50375	109.71875	142.78125	727.27	423.76	2305.3563	493.3275	149.01375	128.28	1343.1212	607.085	64.3	191.72875	183.8475	45.45	56.01	769.24125	573.3375	306.75875	111.34625	158.31875	175.00625	283.9925
1933.5863	438.51625	1815.515	1074.2125	2492.0975	1724.6362	2097.7475	2605.1925	2336.1637	2541.8425	1500.9787	923.94375	2052.9125	2109.36	2934.9138	2485.6475	1750.0238	855.775	2953.9912	966.5075	1744.8625	2287.5125	672.45875	415.31125	729.87375	287.57	651.025	865.76625	995.1975	1075.9225	1533.3125	762.1475	687.62625	938.14125	596.2525	1004.0962	571.4225	716.155	1214.4562	970.67375	479.55125	737.7075	1924.8938	1657.7225	2585.4512	1852.5487	1264.3825	976.26625	1667.3313	571.95	778.605	3246.385	1284.75	474.035	817.34125	2716.5438	1491.5487	536.5525	2181.83	606.59125	702.75	873.44875
237.20125	39.16875	116.4075	19.58375	278.31375	346.995	94.79	11.87	17.8675	71.6375	243.1925	20.76375	416.0075	275.525	320.3875	254.85625	439	53.75125	235.9725	54.49625	391.3475	197.09	45.4375	19.395	55.89625	43.64375	70.165	75.31	137.84875	114.56125	102.19375	70.07	51.69375	101.205	61.38	26.4875	34.395	24.47875	76.105	25.09125	27.13875	39.99625	69.28125	111.375	270.67	76.31375	47.6325	51.045	99.68875	29.20875	23.25625	80.9625	98.88625	8.67	59.29625	260.4175	90.615	36.46	7.825	34.87	40.86875	175.29625
4421.815	1325.3925	452.80625	1253.5438	1770.675	3307.4975	1399.6275	295.0675	127.28125	537.885	1850.4437	107.5725	3413.2712	1640.2613	4695.2213	2643.4512	3827.735	251.5725	4065.3613	875.205	2395.7788	1875.5488	91.48125	442.3925	160.26625	628.18875	433.69	409.6525	474.3975	247.99125	1185.0325	229.525	58.98	801.95	356.5125	134.855	285.6625	78.57375	491.1575	705.99625	816.195	143.92375	420.63	672.51625	2896.3475	584.3575	1323.5525	560.58375	2140.9213	36.38875	418.68	735.085	607.8	65.82	340.535	2064.3975	1483.5325	690.195	629.79375	104.94125	239.7225	167.86125
761.37857	321.62024	196.59524	388.40714	445.74405	477.9131	319.44405	208.61429	632.94405	351.35	444.5	210.22262	471.22262	686.63333	828.64524	713.69643	294.60476	246.65476	357.82738	231.79762	919.77262	337.37262	75.36786	217.13333	193.57143	150.99286	150.68452	246.92381	340.16429	383.35476	274.54643	149.7119	150.56786	237.79167	156.99524	87.56429	246.99524	79.71191	260.17381	236.26667	96.27024	195.65	199.57262	392.74167	615.35357	422.79048	217.02381	282.27857	334.12381	180.89762	161.10357	305.2381	190.5	111.21667	104.64167	341.26429	147.25833	143.87024	224.1131	325.47024	198.93095	526.65
1712.2096	597.73846	1472.2481	1731.3596	2551.8288	2593.2885	1483.9827	548.63077	378.26538	1508.1808	1773.0865	209.46731	1881.325	1294.0519	1334.2173	644.66154	2608.3731	194.85577	2310.2615	99.57885	659.08077	1155.6058	132.81923	196.43654	327.18077	149.42115	343.58654	314.11923	448.08462	582.27885	765.67692	562.30577	443.06731	683.19423	378.09231	314.85962	352.78077	306.05962	575.875	325.65769	181.34423	199.05192	660.15	735.91538	1779.6769	605.98462	586.17308	471.16731	1117.8904	199.36923	519.25385	635.74231	393.27308	155.81154	434.2	1888.5654	480.74038	127.38462	443.16154	246.44038	220.74808	353.28077
1648.4596	576.64038	1453.3442	1849.6173	2510.9846	2679.8904	1422.4827	608.62692	373.1	1605.6173	1513.1192	212.96154	1723.4481	1263.4038	1094.6731	558.24615	2570.9596	211.98077	2307.575	105.08462	697.11154	1240.5846	118.08269	209.21923	343.97692	149.65192	348.52885	289.83077	473.99808	597.59423	739.27308	663.10769	436.23846	472.14615	364.57885	287.39808	362.34038	282.71538	528.86346	226.8	196.51154	214.58269	633.22308	541.35192	1811.1885	453.28846	656.87308	475.27885	1002.0827	194.14808	503.65192	527.05769	392.525	179.11923	464.30962	1746.3808	442.29423	134.11923	376.50769	271.71154	191.33846	334.96538
1644.4262	973.16875	325.045	541.5325	774.27875	2221.7513	1236.2988	277.54375	89.84	296.63125	1224.7325	69.1325	1214.4637	480.35625	2008.5137	992.03125	2202.9038	55.1775	1343.4212	148.65875	887.695	953.95375	16.0425	333.625	102.75875	85.42625	137.65375	178.57375	413.355	216.26125	664.9625	111.43875	43.5925	170.10375	181.665	30.1975	401.69	51.14625	244.7375	165.185	182.51875	126.43	282.3775	228.12	1494.5875	103.1275	99.58	309.49375	590.41375	49.02125	183.70625	21.08	76.66125	51.82625	124.02	697.3275	374.2	88.56625	83.51375	81.27125	58.4775	61.53
1342.9675	660.61	387.2425	598.4975	906.42875	1747.855	1231.1062	418.39875	620.47125	760.445	1270.9688	229.045	437.01125	543.28625	2161.8975	481.00875	1777.9662	360.72	580.7275	153.23	476.195	596.045	79.3	338.46	287.23	102.5075	144.40875	254.69375	286.0025	241.35625	261.01125	175.815	147.2	241.73875	214.0575	60.5125	280.29125	92.3175	304.48875	201.1475	93.0775	149.5225	449.80375	302.895	1051.7438	443.055	170.08875	624.42625	625.8975	193.85	170.11375	356.83	216.845	228.63	147.90625	371.53625	248.54125	114.88	238.7625	489.83375	103.10375	365.39375
1779.9875	723.40125	1386.8225	1781.3175	2514.7675	3321.1488	1491.0462	314.3525	258.2675	1560.5475	1392.77	140.63	1109.5925	449.395	1550.9112	328.3675	1063.715	85.09375	935.20375	42.12875	373.77125	549.095	93.28375	164.7325	187.595	105.71625	236.52125	215.50125	281.86	393.58375	566.89625	306.0025	264.90375	167.89125	287.45125	110.4975	180.72875	220.48125	494.2475	39.38125	84.99375	154.055	543.47	275.6525	749.4075	288.4	182.135	389.765	322.62875	111.71	380.5975	339.1	183.9575	125.09	361.3125	733.76875	107.52375	42.74	147.19	185.0975	52.955	333.17875
2314.9488	987.79875	2030.8775	3886.9925	4322.8788	3552.9838	1872.4913	183.62125	412.0725	3034.6875	2417.8775	163.60875	2689.205	1765.185	5832.3175	1931.1425	4642.0637	754.19	3134.9388	221.18375	1817.94	2699.1925	182.00125	137.97125	332.36125	103.42625	339.77125	329.86875	448.47375	413.325	471.47875	812.82125	287.17375	779.63875	505.99	219.72	250.28125	228.02875	632.74625	500.425	335.69	228.28625	636.02375	846.975	2517.4713	867.55	686.53625	552.65875	1627.27	185.3225	404.31875	1082.3812	660.1275	230.69125	584.7325	2787.0425	657.41	175.22875	966.085	188.36625	272.92875	416.17125
